0 0 100
0 150 100
-200 300 100
0 300 100
200 300 100
-50 450 90
-50 600 90
100 600 90
250 600 90
20 700 90
170 700 90
-30 850 90
120 850 90
270 850 90
50 900 90
200 900 90
-100 1000 90
50 1000 90
200 1000 90
50 1150 90
200 1150 90
40 1300 90
180 1300 90
30 1450 80
180 1450 80
20 1550 70
170 1550 70
10 1700 70
160 1700 70
-50 1850 60
80 1850 60
100 2000 60
120 2100 40
140 2200 20
100 2300 20
0 2450 20
100 2450 20
50 2600 10
200 2600 10
50 2800 10
150 2800 10
40 3000 10
-100 3000 10
-100 3150 10
-90 3300 10
-80 3500 0
-70 3650 0
-60 3800 0
-50 3900 0
-40 4000 -10
100 4000 -10
100 4200 -10
100 4400 -10
100 4500 -20
50 4650 -20
